111
112
113
114
116
117
118
122
123
124
127
128
132
133
134
136
138
142
143
144
146
147
166
167
168
172
176
177
178
182
183
186
187
188
222
223
224
225
227
228
233
234
235
238
243
244
245
247
253
254
255
257
258
277
278
283
287
288
333
334
335
336
338
344
345
346
354
355
356
358
364
365
366
368
388
444
445
446
447
455
456
457
465
466
467
475
476
477
555
556
557
558
566
567
568
576
577
578
586
587
588
666
667
668
677
678
687
688
777
778
788
888
